FoamFile
{
    version     2.0;
    format      ascii;
    class       labelList;
    location    "constant/polyMesh";
    object      owner;
}

12897     
(
 84 88 9 6 8 6 1 2 6 1
 647 646 1 646 647 648 648 647 649 653
 0 9 646 0 648 656 9 4 8 654
 3 15 16 17 2 7 13 5 650 17
 13 662 21 23 21 20 20 19 19 657
 8 7 2 652 656 655 14 4 657 19
 11 658 20 10 649 651 5 12 651 650
 0 11 672 656 10 18 7 665 675 649
 679 21 3 4 667 674 670 669 673 668
 669 15 16 18 662 17 16 29 13 663
 670 684 682 12 5 687 27 675 12 666
 667 11 668 677 692 22 14 664 665 664
 15 3 41 666 37 26 24 694 669 22
 662 29 45 699 688 684 667 27 691 703
 663 25 42 687 706 27 666 18 10 708
 696 685 14 700 703 681 40 696 691 28
 690 704 690 712 679 694 23 34 24 714
 43 697 683 699 683 26 33 668 717 46
 718 22 692 664 698 39 695 720 36 684
 685 29 33 26 32 55 24 35 42 25
 44 25 40 28 52 53 28 705 38 48
 65 48 703 700 56 705 732 45 722 43
 699 43 37 714 34 38 54 737 739 726
 47 663 701 726 728 738 51 52 707 704
 726 739 49 44 41 57 719 46 40 57
 41 709 746 722 698 724 58 39 702 36
 37 730 741 742 45 712 740 23 713 754
 34 747 700 735 751 38 733 54 36 39
 46 33 744 66 731 51 738 715 756 50
 35 50 756 49 739 757 737 740 68 752
 736 756 768 49 31 56 69 758 773 751
 760 734 749 767 747 761 50 30 35 778
 51 731 52 780 71 53 759 56 729 730
 70 55 32 729 736 735 772 732 757 734
 47 753 787 44 771 59 740 754 776 704
 762 776 754 758 69 785 697 752 48 32
 762 744 42 794 795 725 789 760 58 60
 58 724 779 761 55 775 746 766 31 65
 783 765 67 30 64 30 65 769 63 76
 731 71 767 47 739 60 779 81 771 59
 808 777 799 800 80 62 79 783 772 792
 82 787 776 53 807 748 794 774 797 773
 821 815 786 767 70 799 769 785 816 772
 782 54 782 61 811 31 801 59 790 818
 68 776 762 820 70 729 814 68 770 765
 770 67 766 809 83 829 57 819 794 796
 830 731 66 780 806 71 809 788 817 787
 775 813 827 66 64 803 75 778 804 72
 810 82 69 822 830 95 75 67 74 829
 92 74 73 802 73 73 62 802 804 72
 81 822 826 815 839 843 823 808 812 824
 813 816 60 856 797 827 826 92 829 83
 840 76 847 820 838 818 831 869 93 834
 821 864 857 862 817 842 76 63 94 867
 807 837 78 80 800 78 837 807 72 81
 865 843 63 839 77 848 833 79 89 79
 62 880 824 835 834 825 863 805 805 852
 859 96 77 77 96 848 61 811 830 820
 890 818 832 855 64 817 841 893 83 61
 801 74 117 108 113 101 112 100 84 98
 91 854 853 87 815 860 103 849 85 86
 98 99 91 858 902 104 871 856 847 889
 93 869 860 861 882 862 80 874 102 892
 94 904 892 75 903 881 89 95 887 106
 888 90 890 868 86 918 917 915 869 891
 855 915 877 877 856 865 858 889 828 888
 90 847 923 910 808 861 846 857 863 82
 863 884 935 885 872 893 893 913 867 94
 876 874 914 848 916 873 89 882 901 881
 941 95 849 883 920 883 93 920 87 853
 899 943 87 899 105 853 852 888 905 90
 908 859 878 895 851 91 950 97 900 851
 952 886 894 938 109 866 850 107 851 890
 926 912 78 914 111 897 899 898 944 965
 106 929 906 115 107 92 109 911 942 85
 904 971 951 961 962 899 84 97 896 968
 970 975 947 105 99 119 922 919 103 909
 954 957 952 910 119 935 912 913 996 939
 916 907 989 857 920 105 992 911 979 992
 932 991 955 929 978 991 878 995 959 934
 933 984 993 934 993 935 958 923 926 909
 986 942 943 981 986 919 940 913 102 933
 998 984 928 927 982 118 982 915 925 907
 928 989 964 975 114 101 981 948 964 987
 903 945 999 920 946 988 924 103 85 924
 950 983 985 922 914 1005 99 88 972 925
 971 1022 111 974 96 955 104 902 910 1001
 885 1000 949 1030 936 994 967 965 944 921
 965 967 110 100 973 931 908 937 977 938
 938 109 1015 1026 992 979 968 966 114 975
 951 985 110 984 977 117 97 990 122 987
 963 108 997 126 993 128 1016 118 973 1042
 961 962 129 1005 1054 1024 986 981 121 979
 1025 976 108 120 897 1043 967 1038 1001 1001
 134 1039 104 1013 989 1044 982 127 118 1007
 1050 994 994 958 1009 1009 988 988 1035 1045
 1036 1036 115 115 1025 120 1048 963 135 120
 985 983 1000 1031 1066 1000 1024 102 1022 1021
 1048 896 1072 990 107 1021 1047 1079 972 133
 1026 1028 1060 106 1049 996 1012 996 1086 1078
 1067 1008 931 116 1008 1077 132 1041 980 116
 1034 973 113 101 960 999 987 1028 1003 1039
 978 1018 1059 981 991 978 1097 1003 1049 916
 966 1040 898 1040 1056 1010 112 100 128 119
 1044 1043 999 1020 1069 1038 1057 1097 1095 1083
 1042 1075 123 960 154 124 1053 144 1110 1100
 1073 135 149 1095 1111 962 1096 121 1052 1109
 1050 1094 1098 1088 1051 1120 989 1037 1112 127
 982 1072 1045 129 977 995 1054 1055 1078 1069
 1075 1086 1085 963 1080 147 125 130 1104 140
 1060 1043 1136 123 113 139 1059 1057 1109 1132
 1063 1124 1128 1045 1129 1051 1064 142 1120 1088
 1089 1065 1121 1066 129 1055 960 1139 1140 1059
 1118 112 1100 1053 1117 111 1079 1137 1082 1047
 1137 1040 1114 126 126 1085 1080 117 122 1157
 135 963 131 1087 146 1130 155 1113 1041 132
 1077 132 1073 1132 983 1112 1037 133 122 1081
 1126 1127 1071 1070 971 974 961 1108 1108 961
 1152 141 1143 1044 1146 116 1091 1052 1136 1084
 1094 1067 1123 1068 1068 1069 1077 1076 1116 1039
 134 1061 143 134 1066 1175 121 1101 1141 1101
 1131 150 1093 1105 131 1134 171 176 1117 1137
 142 127 144 1119 1142 1155 1114 1047 1093 1165
 1126 1152 124 1182 147 1186 1194 167 162 1113
 155 160 1182 1195 176 148 140 1118 1150 1121
 1151 125 1132 1143 1120 1106 1197 143 1061 1122
 1136 1160 161 1128 1148 1150 139 1200 1104 1138
 153 124 154 163 1164 1133 1210 146 1087 1142
 1207 1071 1072 150 1191 1180 1179 150 1131 1123
 1201 1170 145 1221 1126 1171 1203 145 1170 1203
 1171 1119 142 1120 1107 1196 1211 1098 1196 1107
 1116 1115 1207 1163 1210 1133 1156 1192 1158 1157
 1158 1237 147 1176 1177 157 1121 128 1147 1204
 1178 1173 1226 1222 1174 1222 1131 1174 1201 1123
 1146 1227 131 148 166 149 1159 1245 1116 1239
 1154 1191 1248 164 1137 1193 1250 1218 133 1108
 1218 1112 125 140 151 158 1206 1205 1151 1255
 1206 151 137 1102 130 1206 1256 1103 1169 1110
 1198 156 123 1260 152 139 1149 165 1162 155
 1162 1175 1262 1139 1224 1141 141 1152 1250 1197
 1106 1141 1212 1172 1122 1144 1127 1127 1221 1166
 1271 1237 1236 1250 1251 1202 1215 145 1203 1254
 1200 144 1253 1139 152 138 1220 175 1189 1187
 164 165 1265 1156 1190 176 153 163 170 1183
 174 1251 136 152 1185 180 138 1184 173 137
 1226 1222 1268 1266 1197 1292 1270 1271 1290 1201
 1204 1228 169 1192 1294 1207 1203 1224 1231 1212
 1211 1196 1215 165 1263 1264 1233 1247 1210 1190
 1216 1208 1295 1169 161 146 1210 1284 1186 1249
 1178 1264 141 1252 1205 158 1187 1281 154 1304
 1298 1236 1273 1238 1303 1188 1278 1208 1231 1295
 1128 1299 1270 1308 1196 1301 1230 1189 1218 1317
 177 1275 1300 175 1220 149 1291 1300 1234 1194
 1238 167 1241 1297 1316 1259 1312 1316 1307 151
 1277 137 1336 1184 158 1302 1179 1202 1329 136
 1285 1183 1274 1214 1317 1267 1341 1283 1310 1310
 1114 1205 1315 1248 1223 1225 1223 1225 1243 1271
 1272 1349 1228 1263 160 1311 1138 1212 1320 1276
 1227 1353 1201 1251 1193 153 136 1342 1213 1148
 1130 1213 1342 156 160 1222 1348 1261 156 179
 1287 157 143 162 178 1265 1279 1288 1235 1283
 1309 148 1284 166 1240 1259 159 1240 159 1204
 1304 1269 1211 168 1291 1246 166 1367 1305 1255
 1257 1289 1338 138 1287 1185 1282 1362 164 1315
 1318 1338 1356 161 1305 1326 1276 1301 184 1327
 1280 1266 1302 1346 1347 1247 157 1351 1307 186
 1337 209 190 207 188 189 1184 1383 1185 1384
 181 1314 182 173 1184 172 183 180 1185 1373
 1334 1365 1372 180 1321 169 1297 1322 1303 1308
 1381 1324 1303 1302 1329 177 1299 1315 1380 1301
 1378 1310 1328 1402 1253 1275 1306 1277 1387 1371
 185 167 162 1293 1376 1369 1340 170 198 1383
 1336 1409 1341 1274 1282 1372 168 1364 171 1411
 188 1183 1414 197 1399 1326 1381 178 1343 192
 177 1278 1407 1398 1323 1424 1333 1396 1335 163
 1319 1314 171 190 1284 1388 195 1418 1334 1295
 200 173 1338 1299 1214 1403 1325 1304 1369 1434
 1320 1417 1306 1391 1427 1281 1385 174 1183 1397
 1273 1321 1406 1344 1363 1344 1332 1322 1411 1406
 1345 1318 1410 1287 179 196 1433 1342 1441 199
 1309 1309 199 1311 1392 1409 1200 1392 1311 1320
 174 1416 169 1350 1292 1379 159 1393 1366 1297
 168 1291 194 1347 1348 1300 1291 1330 1457 1294
 1432 1349 1445 1356 1447 1375 1313 1359 1290 1349
 1451 1377 191 1353 1353 1412 178 1354 1465 1296
 1296 1462 1389 189 208 1373 1404 1376 1421 206
 1380 194 191 1377 1405 179 1358 1450 1438 189
 185 196 1387 185 190 209 188 197 207 208
 202 200 1460 187 194 1396 1471 1413 1450 219
 1452 215 1418 195 205 1401 1408 1436 1439 1395
 1400 1493 1295 1447 192 1424 1402 1398 1405 184
 1449 1435 1422 1466 195 181 204 1476 1386 186
 1479 1428 1419 1374 1443 1415 172 1486 183 204
 1463 1459 1451 214 1395 1453 1507 1513 1454 1494
 1494 1329 1408 1504 1382 1518 1495 1496 1397 213
 1465 1464 1485 1403 1445 1434 1413 1441 1440 1400
 1398 1493 1460 1375 1527 1461 1498 1341 1499 1423
 1490 1529 1416 192 1402 1492 1455 1406 1510 1533
 1440 186 1511 1425 1500 645 1501 1478 217 181
 1384 1480 218 1475 1385 1482 210 1481 207 1457
 1455 1541 203 1458 1436 1427 170 1335 1504 1382
 1488 1545 1426 1479 209 1396 1454 1513 1442 1397
 1411 201 1419 1432 1403 1399 1422 1552 1421 1465
 213 1467 1554 1468 1487 1456 1359 1556 1462 187
 1537 183 1394 1417 1394 1543 1458 203 1507 1453
 1472 1404 1491 1379 1401 1517 1466 1412 193 193
 1293 1452 1430 1484 1562 1393 1470 220 1391 220
 1391 1476 208 182 1469 1483 212 1374 1431 1561
 221 184 175 1437 1569 1544 1497 205 200 1511
 1409 1392 1524 1435 1480 1547 225 1578 227 230
 1525 1534 1558 217 1494 1520 1552 1505 1512 1486
 1492 1506 1473 1502 196 1474 1519 1560 1559 1566
 1491 1431 182 1540 1481 241 1505 1565 1507 1547
 1479 1581 238 1486 1482 1501 645 1569 236 240
 1522 191 215 1517 234 1504 1546 1582 1493 206
 1487 239 1551 1495 1543 1521 1533 1502 221 1485
 1471 1553 1525 1607 216 1446 1568 1576 1540 223
 1599 1570 229 1580 202 1578 1543 1591 217 1474
 1590 201 239 193 1592 1511 1620 237 1611 1520
 1555 231 1613 1496 214 1515 1463 1562 1484 224
 1596 1608 1526 1501 1485 1527 1499 1530 1500 1531
 1612 1549 1521 1550 1549 1612 1627 1548 1488 1488
 1605 199 216 1498 1498 1528 1645 1637 1572 1593
 1647 1634 1514 1628 1639 645 1589 1477 1589 1626
 212 1483 202 1580 242 1653 1570 1476 1587 1532
 1541 1532 1508 1535 1583 1503 1602 1620 1392 1578
 1579 226 1614 1534 1614 1510 1572 1648 1544 211
 198 1601 1664 1574 197 198 211 1592 215 234
 1517 1584 1482 1599 1666 1594 1669 210 1432 1610
 1628 1514 1616 1551 1523 1606 1557 1468 1632 1606
 1487 1557 1475 210 219 1657 235 1542 1561 221
 1623 218 1480 1509 201 1524 1489 222 1681 1577
 1659 1581 1598 1558 1478 1477 1625 206 1563 1470
 1563 1619 1602 1503 1577 1582 1662 1585 241 1588
 1615 1686 1685 1636 1600 1684 1651 1655 1658 1620
 1602 1611 1624 1535 1630 1602 1685 1609 1581 230
 1700 1637 1616 1645 1619 236 220 1656 1689 258
 256 213 240 1588 1603 1584 1631 1640 1613 1657
 1656 1580 241 258 1596 224 216 1607 1615 1678
 1586 238 262 1617 1651 1652 1614 1648 1647 1648
 1727 1705 1587 1591 1679 1623 1670 1658 1697 1667
 1604 1606 253 222 259 1661 1623 1739 1513 1707
 1642 1642 1643 1638 1490 1708 1638 1708 1715 245
 1668 1696 1631 1724 259 1585 1706 1724 1553 1634
 214 1678 203 235 1731 1624 1586 1731 1559 205
 1608 232 1484 1575 232 1499 1744 1709 1531 1639
 1709 1650 1650 1600 1652 1590 1710 224 1754 204
 1596 1707 233 1597 1680 1680 1627 223 228 1599
 1621 228 223 1594 1733 1612 1627 1646 1703 1702
 1616 1676 1671 244 1737 1710 1590 1504 1671 1669
 1643 1770 1605 1772 1764 246 1774 228 1665 1645
 1644 1691 1619 1632 1554 1712 1632 1712 1606 211
 1776 1670 1727 1593 212 1730 225 1597 233 250
 1729 1506 218 229 227 229 1655 247 1739 226
 1749 1649 1697 237 1734 260 1694 238 230 1768
 252 1610 1673 1629 1667 255 1711 254 240 1714
 1629 1711 1719 1595 222 1682 1687 1682 1698 257
 1625 1659 1583 1798 1617 1747 1738 1489 1609 1675
 1736 1653 242 1730 1718 242 1715 1746 1695 1698
 1733 1781 1784 1732 1708 253 1734 1789 1704 1778
 1696 1751 1691 1699 1806 1776 1802 1803 275 1722
 1750 1752 1723 1612 1716 1761 1762 246 278 243
 266 1787 1700 276 261 1767 1823 1703 1739 1821
 1688 269 1707 1709 1698 1735 234 245 255 1735
 1724 1706 1688 1607 271 1818 231 1835 1613 252
 1768 278 246 1763 1731 1816 225 226 1693 1829
 257 1625 279 1817 235 1726 1728 1720 1737 244
 1601 1776 1721 1838 1777 1814 1730 1732 1740 1718
 227 243 1628 251 1788 1736 1788 255 274 1711
 1749 1861 1835 231 1716 1842 1848 1741 1830 1742
 1772 1742 1713 256 1779 1713 1794 282 1689 1719
 263 1721 1837 1838 1828 1662 1726 1759 232 1839
 1759 1720 1760 1851 1707 233 1818 1727 1730 1850
 1871 1839 1753 1692 1824 1878 1608 1702 1823 1768
 1756 1831 270 1757 1692 1757 1824 1717 1826 1849
 1677 1799 1695 237 1808 1743 219 1737 250 1846
 244 1771 264 1845 1751 1816 262 1762 1766 1841
 1854 271 1892 1703 1777 1853 1813 1853 236 272
 1699 1801 1860 1812 1778 1772 1773 1898 1710 1846
 283 247 1826 1717 1705 1700 1659 1884 1822 248
 1774 1809 1790 1710 1729 1807 247 283 1821 1827
 1740 1725 1758 1905 281 1693 1725 1829 1797 1796
 273 1832 1744 1709 1786 1694 260 1858 1786 1858
 1785 251 239 252 1771 1774 1903 1763 1765 1733
 1917 1736 1780 1690 1840 254 1714 1840 1690 1722
 1791 1701 1718 249 277 1803 1857 1820 249 1701
 261 267 1867 1868 1885 1805 1745 1804 268 250
 1875 280 1796 1738 1808 1921 275 276 1884 1814
 277 1746 1811 1897 1925 1924 261 282 1926 1826
 1906 1943 1856 1908 1894 270 1831 257 1829 1806
 1918 1836 275 1858 259 305 1927 280 1875 1841
 289 1891 253 1852 1864 1835 296 1904 1870 1873
 1872 1850 1839 1824 268 1804 1935 1962 1809 1906
 1944 1705 1908 1845 1890 272 1860 1805 1832 1939
 266 1907 290 1937 299 248 1775 1819 248 1977
 1978 1938 265 1910 281 316 1708 1931 1912 1712
 1919 1791 262 1812 272 306 1936 1929 297 1887
 1831 1912 1882 270 1967 1843 1843 1880 1813 1948
 308 1951 1889 1811 1878 1824 1966 1834 1833 1849
 1954 1815 1873 1851 1901 1970 1942 1825 1893 1825
 256 267 1983 1984 1890 317 1990 1823 1999 1915
 1989 1828 1952 1963 1837 251 2003 1859 2005 1947
 1861 1947 315 1835 1861 1933 304 1884 1798 2008
 1876 1855 1946 1894 1895 245 1928 301 1810 1895
 293 1984 1922 1876 1946 1965 1728 1982 1987 287
 1844 1917 1834 1862 243 1785 1955 2019 1914 1983
 1919 2021 1860 1979 1819 284 1888 1916 2024 1903
 1817 279 1959 1766 1858 260 1869 1953 1706 274
 312 263 258 1810 1897 1828 1877 1952 1885 1957
 1969 1789 1866 1865 269 1849 1826 1866 1898 313
 1930 1956 1956 1747 1836 273 1832 1851 288 282
 254 1905 281 1905 1899 311 249 1938 1898 2042
 1922 1925 1830 1874 2039 314 292 1971 1827 2047
 266 1939 1945 1943 1807 1856 2049 292 2048 291
 328 340 335 285 295 1976 335 321 265 286
 294 1980 321 323 2057 1994 2012 1931 1960 2013
 2030 1927 1974 1877 1965 1855 1934 2028 263 2037
 1953 2034 1942 336 269 314 331 2023 1852 264
 332 298 1951 308 1935 1992 1848 1961 300 265
 1938 1820 2052 1976 1937 1940 1979 284 1992 327
 1998 1999 2074 1968 2082 2074 2079 289 1971 292
 1943 2049 1936 306 1989 2052 1940 1944 2087 307
 319 299 2078 1950 1961 315 326 2054 2076 376
 1959 2085 1841 1988 1949 344 305 2068 2031 2065
 1954 2072 1993 1967 2063 346 2016 1931 1941 288
 1953 2067 316 2041 271 1930 313 273 1997 1944
 2080 1972 2001 1950 304 2009 1934 287 1969 1957
 2033 2035 316 1932 302 1840 310 284 2071 342
 294 318 311 1980 295 1976 309 1939 290 322
 2090 1940 276 290 283 2008 341 2124 1933 2126
 2068 2106 2014 2045 303 1996 1964 1996 2039 2034
 2100 1995 2030 1936 278 287 2071 2114 277 2043
 2119 302 1932 1954 2021 2000 267 1941 264 2024
 2101 1960 2072 1839 1964 1892 2108 2111 1998 1999
 317 2021 2110 1942 2039 314 299 330 2066 334
 2010 2149 348 1946 2003 2089 325 2005 2151 1947
 268 2083 301 2061 301 1945 1971 2155 2049 303
 2045 1937 2122 2095 1820 2019 333 2158 2020 1948
 2011 1948 308 1949 1987 2140 2025 1977 2148 2025
 2075 2094 2040 1840 2136 2166 288 2017 1918 298
 2115 339 312 274 2018 1994 2099 1952 1963 1952
 2081 1974 2038 2027 1955 2035 329 2044 2044 1947
 315 1958 2096 1965 1946 2064 1957 2093 1829 1981
 2118 1887 297 1900 320 1986 280 2041 2042 2176
 1989 1990 2013 2103 2011 346 2063 2133 1973 306
 1973 2022 2145 2174 2001 293 2178 2085 2067 312
 367 322 2125 2113 2093 324 2082 2084 2117 2070
 337 377 332 2112 2130 2142 2172 2171 347 1962
 2116 2064 2173 2062 2141 2065 2179 359 335 340
 2110 2091 2060 345 321 2059 286 2056 285 2098
 365 2085 343 2081 2202 2087 2156 2206 297 320
 2204 2188 2189 370 302 2136 351 2122 307 2078
 310 323 2114 2097 1967 2210 2054 376 375 305
 2213 2036 2090 341 352 2222 2144 2081 2201 327
 2199 2179 348 364 2112 2191 2100 2099 2205 2114
 334 2066 2173 2106 2193 2102 2227 338 1966 2111
 2108 2057 310 342 325 2089 2104 294 2211 350
 318 2171 2238 2117 337 2175 2177 2152 2118 2107
 357 2136 2167 2231 2137 2100 2167 2105 2139 2105
 2118 397 2093 2125 2182 2206 369 2191 327 2084
 2079 1889 1972 2199 2199 2236 2161 2160 2212 2223
 295 285 2207 2056 2131 2130 2131 2147 2185 317
 2232 2220 2208 2146 2069 2146 2271 2133 2088 2018
 2169 1838 1963 2081 2275 2215 2108 365 2098 2128
 313 2229 325 2252 2185 2220 2089 2274 2170 2248
 2164 330 2246 2163 2163 2246 2101 323 2058 2284
 353 319 307 319 378 2148 368 303 2223 286
 2210 2059 318 2225 2135 311 2289 320 374 344
 2162 2102 2226 2227 2183 2178 2291 2278 2109 2295
 2240 2038 2203 371 2180 371 2203 2240 2061 2248
 2170 359 2194 2259 309 322 2198 2115 298 2154
 2153 2134 363 331 331 342 2016 2162 2062 2219
 2247 2104 2138 2139 2138 2145 2145 2221 2060 345
 2301 291 2209 349 328 1939 309 345 291 328
 2086 1955 2190 2159 2142 1966 338 2200 2316 366
 2177 326 326 2165 2116 2180 2216 300 2165 300
 343 289 279 2155 2086 2323 2156 2160 2186 2237
 2132 2069 2272 2174 2080 2144 2027 1904 296 2327
 296 347 2327 324 362 2126 304 2141 2101 373
 385 2205 2235 2197 336 376 333 2088 2188 2193
 339 2294 2192 2232 2328 2195 2258 2303 392 2281
 2264 2325 343 2321 2204 2332 2226 344 437 2257
 324 2341 2091 2217 355 2056 381 2059 2333 2058
 398 2056 293 2129 2287 2260 2192 2214 2293 2347
 2248 2314 349 2320 2297 373 2346 2284 2353 390
 353 2264 2350 2350 2208 2196 2261 2241 2338 396
 396 2237 2272 2234 2263 2161 2363 332 357 2301
 367 375 2336 2335 2288 384 2115 2304 374 2270
 2271 366 338 2227 2337 370 2207 329 2369 2176
 2260 368 2298 364 2323 2314 2238 2334 385 2058
 2376 2176 2393 2250 346 2392 2187 2273 372 2392
 2234 2261 2263 2236 369 2274 2343 339 2252 2318
 2340 2251 2368 2369 329 2387 2395 2107 2184 2395
 2376 2311 2377 383 2268 2267 2366 2278 407 2295
 2060 2407 356 2310 370 2273 2337 372 2216 2360
 373 2283 2346 2219 2394 2057 404 353 2286 2310
 2309 2308 361 2309 2257 2348 361 2308 349 2209
 379 2217 2324 2364 2348 2256 402 2059 2380 354
 2352 354 350 2211 2352 391 350 2289 347 2216
 2330 2428 2380 2210 375 2230 2386 340 351 2265
 2354 382 2432 2212 2247 2219 2306 358 2382 2292
 378 406 2246 330 358 2306 2247 2336 2244 2305
 2416 2240 2295 2389 2342 2248 2343 2201 2250 2338
 2401 2321 2319 399 333 2315 2438 2334 364 2149
 2390 348 2225 2371 2372 2239 334 2372 2448 2255
 2237 2190 2446 2190 2327 2303 2083 360 2441 360
 2083 2196 2276 2243 2243 380 2302 377 2381 2328
 2111 2457 2403 2222 2254 2254 402 2256 2345 2214
 2253 397 2245 2280 2220 2232 336 2147 2379 337
 2335 394 2368 341 2126 2351 2266 2386 405 2218
 2291 2470 2206 2366 2267 2200 2103 2397 2325 2225
 2289 2371 426 421 354 414 2425 421 431 425
 385 430 2333 425 433 2480 430 2482 436 2484
 365 378 2417 2351 405 368 351 2345 2445 2456
 2215 423 361 437 2431 352 377 2443 2396 2474
 2427 2305 363 2468 362 395 2227 2357 2291 2339
 2455 2367 2324 2391 2231 2451 393 2489 2376 2405
 2213 2486 2409 2508 429 366 2412 2385 2354 355
 356 406 2453 387 2452 380 2463 2386 2493 428
 2392 434 2397 2393 2447 415 2408 2465 2340 2357
 2344 2363 371 2389 2356 2462 2359 379 2374 2400
 2385 2411 2365 2525 2270 2370 2444 2499 2523 360
 2501 2377 422 383 2440 407 408 2421 2060 2512
 2522 2403 2538 2383 2533 2272 2391 2359 2498 2268
 2521 2466 369 2388 400 355 2488 2372 2527 2360
 2477 2394 404 2333 2438 2452 2502 2422 381 2425
 2429 2475 2424 384 405 2518 2504 2432 382 2434
 2526 403 2437 2497 404 2318 388 2319 412 2461
 2460 2462 2490 2471 2317 2509 2472 2550 2413 362
 2349 2545 2535 2428 2413 2556 2554 2364 2563 399
 2490 399 2384 2499 2508 2501 2464 2220 2464 2525
 2365 2364 2383 2532 413 2533 2543 2373 2358 2342
 2358 2299 2154 2342 397 2517 386 2341 2349 386
 2569 2450 2549 2390 2457 2456 2516 2451 2373 2215
 2233 2513 2513 2233 2443 379 2540 409 2591 2512
 416 2441 2537 382 398 2399 2576 2367 2556 387
 2453 2429 2596 398 2511 372 2392 2366 2521 2486
 2494 2198 2375 2602 2458 2494 2489 2388 2277 2534
 2601 2534 2370 2570 2353 2552 390 2374 2399 2344
 2473 2603 2363 2438 2378 2430 2378 2368 435 2369
 357 2463 356 410 401 2460 2231 393 359 2471
 411 389 2339 2356 2470 2500 2566 358 403 427
 2382 424 384 2613 2523 2347 374 2410 383 2616
 2300 389 2542 367 2503 2588 2439 2497 2562 363
 2381 2604 2561 2447 2390 388 2402 2402 2279 2630
 2279 2245 2577 2418 2419 2418 2411 2361 2414 2507
 2361 2415 2434 2415 2526 352 2468 395 432 2493
 2638 390 2417 2507 2414 2246 2514 2539 2389 2551
 2562 2427 391 2587 2491 449 2613 2612 2623 2382
 450 2550 2487 2640 446 2609 2530 2366 2567 444
 2627 2561 2573 388 2619 2528 2612 2553 2531 2634
 419 393 2626 408 2511 400 436 2481 464 433
 452 2514 2507 2507 2516 466 459 2521 2601 2524
 2664 2611 2505 2661 417 2615 2629 2586 2648 2527
 2642 2495 2579 2572 2575 2536 2654 2534 2570 2535
 2595 2609 2544 2674 2502 2566 411 2537 2576 451
 2479 414 2547 2605 2423 420 437 455 2514 469
 2541 2620 438 396 2495 2590 2592 409 2598 2594
 436 2485 431 2643 2488 2558 2476 2555 2528 2565
 391 381 456 430 2483 2482 425 431 442 394
 2368 420 402 412 2630 476 2496 2680 2697 2371
 2697 2549 422 2542 2542 389 2698 2513 2513 2655
 2615 417 2517 454 2661 2505 453 2536 2523 2629
 415 2635 2666 457 2636 2689 2533 2581 423 2692
 2552 407 2506 2658 2669 2728 2486 2549 2672 2610
 2663 2664 2524 2663 2610 2519 386 2517 463 2637
 2636 474 2660 2592 2735 2699 415 387 2596 445
 409 2529 2544 2529 2674 2646 2622 2520 2737 2675
 2396 2608 2727 468 2640 2696 2566 2619 2678 2696
 2500 2545 432 395 2548 2703 470 2530 2547 2724
 2554 2685 2749 2572 403 2526 2601 2534 2574 2573
 2682 462 434 2599 2510 2662 2682 2599 2632 2711
 2631 2756 2577 2691 2557 424 426 2578 2690 2691
 2577 2465 2690 2578 2670 2546 2668 418 2379 2611
 2761 2602 2405 2369 435 2720 2624 422 472 401
 410 439 2480 2700 2600 2668 2681 2444 392 2442
 2693 392 2559 2594 414 2479 475 2704 2555 2706
 2644 2706 2496 2644 2680 2647 427 2571 2568 2647
 2721 2585 447 2545 412 458 2760 2522 2564 2617
 419 2780 2588 2581 467 2510 2531 440 2662 2656
 2654 2705 2634 2633 2785 2633 2492 2358 2693 2442
 2684 461 2789 2582 2441 416 2684 2582 2494 2602
 465 2561 2604 2694 406 2487 421 426 441 2688
 2593 2687 2781 2541 380 2667 2695 2403 2574 2565
 400 2747 443 2484 2659 2701 2767 2598 2553 2515
 2718 471 2614 2709 2558 428 2626 2783 2576 2683
 2516 2645 466 2525 2676 473 2651 429 2605 2504
 2794 2649 469 2533 413 2570 2681 495 2695 2667
 2478 2707 2552 448 483 456 2483 449 2655 2730
 463 2686 503 2803 2738 2802 2675 2698 2697 2680
 417 2661 2808 2683 446 505 2714 2715 2726 476
 411 2820 2715 2681 504 2749 2674 451 2806 494
 493 512 474 2491 2589 2717 424 2741 2826 2768
 2702 470 465 2689 2810 2682 2662 2725 2812 2777
 2688 441 2484 443 2751 2482 442 510 2699 2736
 2480 439 477 2680 501 2758 2840 508 2649 468
 489 2844 2703 2804 2843 2643 2657 2805 500 2792
 2845 2793 2811 2858 509 2479 2850 484 513 2481
 2855 486 2485 2851 482 434 452 2732 419 2780
 2780 432 2837 2779 2733 2819 2746 447 479 2837
 2672 2818 2722 2722 2737 2675 2737 443 470 2716
 2717 514 475 2479 2705 2799 2651 2842 2600 2773
 497 2774 2773 2704 2797 458 458 2690 462 2682
 2854 2739 440 2656 2810 499 463 2719 2841 464
 2481 480 450 2673 2642 408 2504 2771 2888 2893
 2771 498 2894 2700 2832 516 445 2862 2796 451
 2710 2869 2483 2853 511 2770 455 2834 2769 2813
 2679 2717 2645 2839 2903 2753 2653 460 2711 2831
 460 2653 2663 2664 442 2702 2701 515 2767 2744
 2686 2724 2648 2849 2568 2832 2777 2768 459 418
 459 502 394 2379 418 2915 503 2709 2916 2917
 2821 2664 2761 2761 2763 2920 507 465 2751 427
 2909 2485 2639 2870 428 2740 2739 446 2897 506
 444 2793 2679 2752 2652 2860 2562 2690 2691 435
 471 454 410 2765 2661 454 2677 453 490 2824
 429 2508 2677 2824 2508 416 2796 496 2815 2727
 2727 478 468 2937 2684 2833 2829 2650 2748 2911
 2926 2788 2787 423 2830 2788 2676 2750 2827 2899
 481 2726 420 457 512 474 2734 2838 2852 2526
 2725 467 2775 2774 2856 413 2525 473 2757 491
 476 2658 2729 2744 438 2865 477 2813 2834 2932
 472 2730 2713 2817 2882 475 441 2857 2750 2835
 2724 2846 485 511 492 2693 461 2905 2923 486
 566 488 607 2967 487 564 2969 566 642 2818
 2958 641 564 2854 635 497 631 602 498 601
 480 610 2823 2716 2695 2797 639 2883 2979 630
 613 2830 481 612 2849 531 571 506 637 2835
 588 505 2926 587 589 586 529 609 624 508
 2989 2840 551 2827 575 628 623 628 629 611
 2907 572 571 633 627 2851 482 2850 484 2899
 2869 579 2885 578 2994 452 580 572 2879 637
 506 2897 636 605 581 2947 580 2860 596 3003
 2809 2880 597 596 2859 2846 2888 2890 586 585
 2878 509 564 2904 2807 609 554 511 510 562
 2849 2913 2691 2952 592 2917 502 577 644 2843
 3007 634 623 622 472 2714 584 2940 583 2852
 2838 593 568 2945 2962 2894 498 499 2767 2976
 2895 449 2959 2990 2741 2818 642 643 2873 3032
 2874 2875 2874 438 2678 2985 2674 2925 3005 2974
 632 2886 2925 2886 3005 2950 497 501 2882 2975
 2881 2825 2856 462 3000 3001 2867 2842 573 574
 2914 2914 574 577 502 492 504 455 2924 3011
 2804 584 638 2965 2875 2823 2978 615 616 2877
 2939 2938 3028 598 575 2827 473 2991 471 2821
 494 2806 2828 2931 2933 2911 544 587 2926 2678
 2786 3010 444 2984 3007 2929 2826 2933 3059 569
 2841 2841 569 621 2889 3061 2819 2778 2988 453
 2988 2778 2776 3017 2879 3008 3010 2786 2753 2966
 3003 2799 2809 2935 2996 490 546 626 2824 2941
 570 606 2957 3024 590 3024 2829 3069 2824 626
 627 2996 2935 2936 3072 493 3046 2870 3020 594
 595 491 2883 639 640 2884 447 2871 450 2977
 2982 2912 486 482 2891 2892 2658 2892 483 448
 2938 456 461 2684 3025 3047 496 582 583 2940
 636 2897 2845 559 509 484 2973 2907 611 614
 2919 2919 614 561 2920 485 448 2900 2964 2843
 644 542 2908 2666 3002 3006 457 2665 2995 3002
 2666 3017 2776 2922 2852 2922 439 2932 513 2955
 488 2694 2983 2995 2665 469 2863 2983 491 595
 2831 460 2831 3015 487 514 466 3016 495 3079
 566 2877 616 618 2903 2923 2969 2951 3052 2812
 2890 513 2968 2968 3013 3109 440 2662 2974 2736
 464 3013 3112 2993 3111 2887 2785 2992 2993 2887
 2992 2785 2943 3023 2830 613 622 3023 2943 2944
 3117 2868 2869 2987 2718 2822 3014 445 3014 2822
 3081 2953 3027 467 2805 2669 3027 2953 2752 2669
 2970 2971 603 2997 2876 558 3098 632 2974 3113
 604 3102 3101 3096 3026 563 3074 3104 591 3030
 515 518 601 2832 3019 557 620 625 2998 2961
 560 3040 2960 517 631 630 2979 2814 3103 585
 3121 516 567 525 2956 504 3083 483 599 612
 481 2999 528 478 3050 576 550 2844 3011 600
 617 477 3097 565 3107 641 2958 538 610 480
 3080 522 578 2885 2847 533 532 2949 2848 608
 607 3090 605 3038 3037 602 3029 3012 494 539
 634 3007 2984 3133 493 2817 2718 2987 528 2999
 598 3028 531 3100 2898 527 582 496 2997 603
 3162 3119 2998 625 3009 543 573 2842 2930 548
 594 3020 3048 521 615 2978 2820 524 570 2941
 2964 3018 3082 3091 3090 507 549 559 2845 549
 507 2920 561 2963 526 544 2911 526 2963 3012
 3157 2960 514 3140 517 3140 487 3126 2713 2825
 3149 3041 3059 3060 3183 3055 552 515 3107 3148
 518 3148 2969 3127 3182 501 524 2820 2910 541
 3127 3189 2971 3105 3052 551 2966 536 3003 3192
 3008 3071 3069 590 3050 3083 599 576 2955 3147
 3129 488 3129 607 3197 3110 3153 489 520 3164
 2863 520 489 478 550 2847 3111 533 3202 3114
 629 2954 519 541 2910 3001 579 2994 512 581
 3174 3154 3143 3082 3207 3125 555 568 3124 2928
 553 555 3125 2902 545 553 2928 3156 3157 499
 527 2898 2836 3158 539 3054 505 588 3139 495
 3134 548 2930 2884 640 503 592 3053 552 3055
 3053 3217 3218 485 3173 2908 542 562 510 519
 2954 3035 540 540 3035 3057 597 2985 537 3163
 2962 2956 525 545 2902 3160 2837 479 556 3077
 523 556 479 554 3095 3096 563 3132 3026 3206
 3011 3133 600 3126 3231 2970 2973 2985 3005 537
 536 2966 3102 604 3013 3199 3113 3097 2957 606
 565 2949 532 547 3123 3063 529 546 490 3122
 593 3080 3081 3239 522 3079 3166 3105 535 3167
 3119 500 534 535 534 500 3123 547 3090 3220
 2876 2844 617 558 2982 2977 619 3016 2903 618
 591 2982 619 557 3019 516 2832 620 567 2989
 2990 530 3251 2959 3161 589 530 2959 2848 3108
 3191 608 523 3077 2819 3062 621 3255 2961 508
 624 560 3087 3168 2973 521 3048 3034 3259 3034
 643 3260 3033 635 3187 3039 3067 633 543 3009
 3181 3041 3182 538 492 638 3142 3045 3265 3153
 3198 3242 2868 2861 3243 2596 2556 2913 2896 2241
 2607 2606 2128 1358 1351 1519 1626 1057 970 1010
 1180 844 918 86 917 1092 114 1113 960 3154
 3245 2735 2512 401 433 1537 187 172 1387 1102
 110 1104 130 977 937 862 995 3189 3127 3186
 3148 518 601 602 3156 3212 3157 526 544 587
 588 539 3158 527 582 583 584 638 3265 3266
 525 545 553 555 568 593 3239 522 610 3247
 619 557 620 567 585 586 589 530 3252 3251
 624 560 625 3168 3258 3232 3231 3275 3154 3207
 3208 599 576 550 520 3164 531 571 572 580
 581 3206 3229 563 554 609 529 546 626 627
 633 543 573 574 577 592 3217 3219 552 3184
 3183 569 621 3256 523 556 3160 3133 3230 600
 617 558 603 3166 3241 3190 3189 3231 3126 3180
 3140 517 631 635 3262 3187 3182 538 641 642
 643 3261 3260 521 615 616 618 591 3134 3215
 630 639 640 548 594 595 3131 604 536 3192
 3193 596 597 540 519 541 524 570 3194 590
 606 565 3196 3129 3197 3198 3267 3267 3153 3199
 3235 3130 632 3155 605 3233 537 3163 598 575
 551 3191 608 532 547 534 535 3167 3162 528
 612 613 622 623 628 629 3203 533 578 579
 3205 611 614 561 549 559 636 637 3159 634
 644 542 562 3173 3220 3245 3275 0 1 2
 3 4 5 6 7 8 9 10 11 12
 13 14 15 16 17 18 19 20 21 22
 23 24 25 26 27 28 29 30 31 32
 33 34 35 36 37 38 39 40 41 42
 43 44 45 46 47 48 49 50 51 52
 53 54 55 56 57 58 59 60 61 62
 63 64 65 66 67 68 69 70 71 72
 73 74 75 76 77 78 79 80 81 82
 83 84 85 86 87 88 89 90 91 92
 93 94 95 96 97 98 99 100 101 102
 103 104 105 106 107 108 109 110 111 112
 113 114 115 116 117 118 119 120 121 122
 123 124 125 126 127 128 129 130 131 132
 133 134 135 136 137 138 139 140 141 142
 143 144 145 146 147 148 149 150 151 152
 153 154 155 156 157 158 159 160 161 162
 163 164 165 166 167 168 169 170 171 172
 173 174 175 176 177 178 179 180 181 182
 183 184 185 186 187 188 189 190 191 192
 193 194 195 196 197 198 199 200 201 202
 203 204 205 206 207 208 209 210 211 212
 213 214 215 216 217 218 219 220 221 222
 223 224 225 226 227 228 229 230 231 232
 233 234 235 236 237 238 239 240 241 242
 243 244 245 246 247 248 249 250 251 252
 253 254 255 256 257 258 259 260 261 262
 263 264 265 266 267 268 269 270 271 272
 273 274 275 276 277 278 279 280 281 282
 283 284 285 286 287 288 289 290 291 292
 293 294 295 296 297 298 299 300 301 302
 303 304 305 306 307 308 309 310 311 312
 313 314 315 316 317 318 319 320 321 322
 323 324 325 326 327 328 329 330 331 332
 333 334 335 336 337 338 339 340 341 342
 343 344 345 346 347 348 349 350 351 352
 353 354 355 356 357 358 359 360 361 362
 363 364 365 366 367 368 369 370 371 372
 373 374 375 376 377 378 379 380 381 382
 383 384 385 386 387 388 389 390 391 392
 393 394 395 396 397 398 399 400 401 402
 403 404 405 406 407 408 409 410 411 412
 413 414 415 416 417 418 419 420 421 422
 423 424 425 426 427 428 429 430 431 432
 433 434 435 436 437 438 439 440 441 442
 443 444 445 446 447 448 449 450 451 452
 453 454 455 456 457 458 459 460 461 462
 463 464 465 466 467 468 469 470 471 472
 473 474 475 476 477 478 479 480 481 482
 483 484 485 486 487 488 489 490 491 492
 493 494 495 496 497 498 499 500 501 502
 503 504 505 506 507 508 509 510 511 512
 513 514 515 516 517 518 519 520 521 522
 523 524 525 526 527 528 529 530 531 532
 533 534 535 536 537 538 539 540 541 542
 543 544 545 546 547 548 549 550 551 552
 553 554 555 556 557 558 559 560 561 562
 563 564 565 566 567 568 569 570 571 572
 573 574 575 576 577 578 579 580 581 582
 583 584 585 586 587 588 589 590 591 592
 593 594 595 596 597 598 599 600 601 602
 603 604 605 606 607 608 609 610 611 612
 613 614 615 616 617 618 619 620 621 622
 623 624 625 626 627 628 629 630 631 632
 633 634 635 636 637 638 639 640 641 642
 643 644 645 646 647 648 649 650 651 652
 653 654 655 656 657 658 659 660 661 662
 663 664 665 666 667 668 669 670 671 672
 673 674 675 676 677 678 679 680 681 682
 683 684 685 686 687 688 689 690 691 692
 693 694 695 696 697 698 699 700 701 702
 703 704 705 706 707 708 709 710 711 712
 713 714 715 716 717 718 719 720 721 722
 723 724 725 726 727 728 729 730 731 732
 733 734 735 736 737 738 739 740 741 742
 743 744 745 746 747 748 749 750 751 752
 753 754 755 756 757 758 759 760 761 762
 763 764 765 766 767 768 769 770 771 772
 773 774 775 776 777 778 779 780 781 782
 783 784 785 786 787 788 789 790 791 792
 793 794 795 796 797 798 799 800 801 802
 803 804 805 806 807 808 809 810 811 812
 813 814 815 816 817 818 819 820 821 822
 823 824 825 826 827 828 829 830 831 832
 833 834 835 836 837 838 839 840 841 842
 843 844 845 846 847 848 849 850 851 852
 853 854 855 856 857 858 859 860 861 862
 863 864 865 866 867 868 869 870 871 872
 873 874 875 876 877 878 879 880 881 882
 883 884 885 886 887 888 889 890 891 892
 893 894 895 896 897 898 899 900 901 902
 903 904 905 906 907 908 909 910 911 912
 913 914 915 916 917 918 919 920 921 922
 923 924 925 926 927 928 929 930 931 932
 933 934 935 936 937 938 939 940 941 942
 943 944 945 946 947 948 949 950 951 952
 953 954 955 956 957 958 959 960 961 962
 963 964 965 966 967 968 969 970 971 972
 973 974 975 976 977 978 979 980 981 982
 983 984 985 986 987 988 989 990 991 992
 993 994 995 996 997 998 999 1000 1001 1002
 1003 1004 1005 1006 1007 1008 1009 1010 1011 1012
 1013 1014 1015 1016 1017 1018 1019 1020 1021 1022
 1023 1024 1025 1026 1027 1028 1029 1030 1031 1032
 1033 1034 1035 1036 1037 1038 1039 1040 1041 1042
 1043 1044 1045 1046 1047 1048 1049 1050 1051 1052
 1053 1054 1055 1056 1057 1058 1059 1060 1061 1062
 1063 1064 1065 1066 1067 1068 1069 1070 1071 1072
 1073 1074 1075 1076 1077 1078 1079 1080 1081 1082
 1083 1084 1085 1086 1087 1088 1089 1090 1091 1092
 1093 1094 1095 1096 1097 1098 1099 1100 1101 1102
 1103 1104 1105 1106 1107 1108 1109 1110 1111 1112
 1113 1114 1115 1116 1117 1118 1119 1120 1121 1122
 1123 1124 1125 1126 1127 1128 1129 1130 1131 1132
 1133 1134 1135 1136 1137 1138 1139 1140 1141 1142
 1143 1144 1145 1146 1147 1148 1149 1150 1151 1152
 1153 1154 1155 1156 1157 1158 1159 1160 1161 1162
 1163 1164 1165 1166 1167 1168 1169 1170 1171 1172
 1173 1174 1175 1176 1177 1178 1179 1180 1181 1182
 1183 1184 1185 1186 1187 1188 1189 1190 1191 1192
 1193 1194 1195 1196 1197 1198 1199 1200 1201 1202
 1203 1204 1205 1206 1207 1208 1209 1210 1211 1212
 1213 1214 1215 1216 1217 1218 1219 1220 1221 1222
 1223 1224 1225 1226 1227 1228 1229 1230 1231 1232
 1233 1234 1235 1236 1237 1238 1239 1240 1241 1242
 1243 1244 1245 1246 1247 1248 1249 1250 1251 1252
 1253 1254 1255 1256 1257 1258 1259 1260 1261 1262
 1263 1264 1265 1266 1267 1268 1269 1270 1271 1272
 1273 1274 1275 1276 1277 1278 1279 1280 1281 1282
 1283 1284 1285 1286 1287 1288 1289 1290 1291 1292
 1293 1294 1295 1296 1297 1298 1299 1300 1301 1302
 1303 1304 1305 1306 1307 1308 1309 1310 1311 1312
 1313 1314 1315 1316 1317 1318 1319 1320 1321 1322
 1323 1324 1325 1326 1327 1328 1329 1330 1331 1332
 1333 1334 1335 1336 1337 1338 1339 1340 1341 1342
 1343 1344 1345 1346 1347 1348 1349 1350 1351 1352
 1353 1354 1355 1356 1357 1358 1359 1360 1361 1362
 1363 1364 1365 1366 1367 1368 1369 1370 1371 1372
 1373 1374 1375 1376 1377 1378 1379 1380 1381 1382
 1383 1384 1385 1386 1387 1388 1389 1390 1391 1392
 1393 1394 1395 1396 1397 1398 1399 1400 1401 1402
 1403 1404 1405 1406 1407 1408 1409 1410 1411 1412
 1413 1414 1415 1416 1417 1418 1419 1420 1421 1422
 1423 1424 1425 1426 1427 1428 1429 1430 1431 1432
 1433 1434 1435 1436 1437 1438 1439 1440 1441 1442
 1443 1444 1445 1446 1447 1448 1449 1450 1451 1452
 1453 1454 1455 1456 1457 1458 1459 1460 1461 1462
 1463 1464 1465 1466 1467 1468 1469 1470 1471 1472
 1473 1474 1475 1476 1477 1478 1479 1480 1481 1482
 1483 1484 1485 1486 1487 1488 1489 1490 1491 1492
 1493 1494 1495 1496 1497 1498 1499 1500 1501 1502
 1503 1504 1505 1506 1507 1508 1509 1510 1511 1512
 1513 1514 1515 1516 1517 1518 1519 1520 1521 1522
 1523 1524 1525 1526 1527 1528 1529 1530 1531 1532
 1533 1534 1535 1536 1537 1538 1539 1540 1541 1542
 1543 1544 1545 1546 1547 1548 1549 1550 1551 1552
 1553 1554 1555 1556 1557 1558 1559 1560 1561 1562
 1563 1564 1565 1566 1567 1568 1569 1570 1571 1572
 1573 1574 1575 1576 1577 1578 1579 1580 1581 1582
 1583 1584 1585 1586 1587 1588 1589 1590 1591 1592
 1593 1594 1595 1596 1597 1598 1599 1600 1601 1602
 1603 1604 1605 1606 1607 1608 1609 1610 1611 1612
 1613 1614 1615 1616 1617 1618 1619 1620 1621 1622
 1623 1624 1625 1626 1627 1628 1629 1630 1631 1632
 1633 1634 1635 1636 1637 1638 1639 1640 1641 1642
 1643 1644 1645 1646 1647 1648 1649 1650 1651 1652
 1653 1654 1655 1656 1657 1658 1659 1660 1661 1662
 1663 1664 1665 1666 1667 1668 1669 1670 1671 1672
 1673 1674 1675 1676 1677 1678 1679 1680 1681 1682
 1683 1684 1685 1686 1687 1688 1689 1690 1691 1692
 1693 1694 1695 1696 1697 1698 1699 1700 1701 1702
 1703 1704 1705 1706 1707 1708 1709 1710 1711 1712
 1713 1714 1715 1716 1717 1718 1719 1720 1721 1722
 1723 1724 1725 1726 1727 1728 1729 1730 1731 1732
 1733 1734 1735 1736 1737 1738 1739 1740 1741 1742
 1743 1744 1745 1746 1747 1748 1749 1750 1751 1752
 1753 1754 1755 1756 1757 1758 1759 1760 1761 1762
 1763 1764 1765 1766 1767 1768 1769 1770 1771 1772
 1773 1774 1775 1776 1777 1778 1779 1780 1781 1782
 1783 1784 1785 1786 1787 1788 1789 1790 1791 1792
 1793 1794 1795 1796 1797 1798 1799 1800 1801 1802
 1803 1804 1805 1806 1807 1808 1809 1810 1811 1812
 1813 1814 1815 1816 1817 1818 1819 1820 1821 1822
 1823 1824 1825 1826 1827 1828 1829 1830 1831 1832
 1833 1834 1835 1836 1837 1838 1839 1840 1841 1842
 1843 1844 1845 1846 1847 1848 1849 1850 1851 1852
 1853 1854 1855 1856 1857 1858 1859 1860 1861 1862
 1863 1864 1865 1866 1867 1868 1869 1870 1871 1872
 1873 1874 1875 1876 1877 1878 1879 1880 1881 1882
 1883 1884 1885 1886 1887 1888 1889 1890 1891 1892
 1893 1894 1895 1896 1897 1898 1899 1900 1901 1902
 1903 1904 1905 1906 1907 1908 1909 1910 1911 1912
 1913 1914 1915 1916 1917 1918 1919 1920 1921 1922
 1923 1924 1925 1926 1927 1928 1929 1930 1931 1932
 1933 1934 1935 1936 1937 1938 1939 1940 1941 1942
 1943 1944 1945 1946 1947 1948 1949 1950 1951 1952
 1953 1954 1955 1956 1957 1958 1959 1960 1961 1962
 1963 1964 1965 1966 1967 1968 1969 1970 1971 1972
 1973 1974 1975 1976 1977 1978 1979 1980 1981 1982
 1983 1984 1985 1986 1987 1988 1989 1990 1991 1992
 1993 1994 1995 1996 1997 1998 1999 2000 2001 2002
 2003 2004 2005 2006 2007 2008 2009 2010 2011 2012
 2013 2014 2015 2016 2017 2018 2019 2020 2021 2022
 2023 2024 2025 2026 2027 2028 2029 2030 2031 2032
 2033 2034 2035 2036 2037 2038 2039 2040 2041 2042
 2043 2044 2045 2046 2047 2048 2049 2050 2051 2052
 2053 2054 2055 2056 2057 2058 2059 2060 2061 2062
 2063 2064 2065 2066 2067 2068 2069 2070 2071 2072
 2073 2074 2075 2076 2077 2078 2079 2080 2081 2082
 2083 2084 2085 2086 2087 2088 2089 2090 2091 2092
 2093 2094 2095 2096 2097 2098 2099 2100 2101 2102
 2103 2104 2105 2106 2107 2108 2109 2110 2111 2112
 2113 2114 2115 2116 2117 2118 2119 2120 2121 2122
 2123 2124 2125 2126 2127 2128 2129 2130 2131 2132
 2133 2134 2135 2136 2137 2138 2139 2140 2141 2142
 2143 2144 2145 2146 2147 2148 2149 2150 2151 2152
 2153 2154 2155 2156 2157 2158 2159 2160 2161 2162
 2163 2164 2165 2166 2167 2168 2169 2170 2171 2172
 2173 2174 2175 2176 2177 2178 2179 2180 2181 2182
 2183 2184 2185 2186 2187 2188 2189 2190 2191 2192
 2193 2194 2195 2196 2197 2198 2199 2200 2201 2202
 2203 2204 2205 2206 2207 2208 2209 2210 2211 2212
 2213 2214 2215 2216 2217 2218 2219 2220 2221 2222
 2223 2224 2225 2226 2227 2228 2229 2230 2231 2232
 2233 2234 2235 2236 2237 2238 2239 2240 2241 2242
 2243 2244 2245 2246 2247 2248 2249 2250 2251 2252
 2253 2254 2255 2256 2257 2258 2259 2260 2261 2262
 2263 2264 2265 2266 2267 2268 2269 2270 2271 2272
 2273 2274 2275 2276 2277 2278 2279 2280 2281 2282
 2283 2284 2285 2286 2287 2288 2289 2290 2291 2292
 2293 2294 2295 2296 2297 2298 2299 2300 2301 2302
 2303 2304 2305 2306 2307 2308 2309 2310 2311 2312
 2313 2314 2315 2316 2317 2318 2319 2320 2321 2322
 2323 2324 2325 2326 2327 2328 2329 2330 2331 2332
 2333 2334 2335 2336 2337 2338 2339 2340 2341 2342
 2343 2344 2345 2346 2347 2348 2349 2350 2351 2352
 2353 2354 2355 2356 2357 2358 2359 2360 2361 2362
 2363 2364 2365 2366 2367 2368 2369 2370 2371 2372
 2373 2374 2375 2376 2377 2378 2379 2380 2381 2382
 2383 2384 2385 2386 2387 2388 2389 2390 2391 2392
 2393 2394 2395 2396 2397 2398 2399 2400 2401 2402
 2403 2404 2405 2406 2407 2408 2409 2410 2411 2412
 2413 2414 2415 2416 2417 2418 2419 2420 2421 2422
 2423 2424 2425 2426 2427 2428 2429 2430 2431 2432
 2433 2434 2435 2436 2437 2438 2439 2440 2441 2442
 2443 2444 2445 2446 2447 2448 2449 2450 2451 2452
 2453 2454 2455 2456 2457 2458 2459 2460 2461 2462
 2463 2464 2465 2466 2467 2468 2469 2470 2471 2472
 2473 2474 2475 2476 2477 2478 2479 2480 2481 2482
 2483 2484 2485 2486 2487 2488 2489 2490 2491 2492
 2493 2494 2495 2496 2497 2498 2499 2500 2501 2502
 2503 2504 2505 2506 2507 2508 2509 2510 2511 2512
 2513 2514 2515 2516 2517 2518 2519 2520 2521 2522
 2523 2524 2525 2526 2527 2528 2529 2530 2531 2532
 2533 2534 2535 2536 2537 2538 2539 2540 2541 2542
 2543 2544 2545 2546 2547 2548 2549 2550 2551 2552
 2553 2554 2555 2556 2557 2558 2559 2560 2561 2562
 2563 2564 2565 2566 2567 2568 2569 2570 2571 2572
 2573 2574 2575 2576 2577 2578 2579 2580 2581 2582
 2583 2584 2585 2586 2587 2588 2589 2590 2591 2592
 2593 2594 2595 2596 2597 2598 2599 2600 2601 2602
 2603 2604 2605 2606 2607 2608 2609 2610 2611 2612
 2613 2614 2615 2616 2617 2618 2619 2620 2621 2622
 2623 2624 2625 2626 2627 2628 2629 2630 2631 2632
 2633 2634 2635 2636 2637 2638 2639 2640 2641 2642
 2643 2644 2645 2646 2647 2648 2649 2650 2651 2652
 2653 2654 2655 2656 2657 2658 2659 2660 2661 2662
 2663 2664 2665 2666 2667 2668 2669 2670 2671 2672
 2673 2674 2675 2676 2677 2678 2679 2680 2681 2682
 2683 2684 2685 2686 2687 2688 2689 2690 2691 2692
 2693 2694 2695 2696 2697 2698 2699 2700 2701 2702
 2703 2704 2705 2706 2707 2708 2709 2710 2711 2712
 2713 2714 2715 2716 2717 2718 2719 2720 2721 2722
 2723 2724 2725 2726 2727 2728 2729 2730 2731 2732
 2733 2734 2735 2736 2737 2738 2739 2740 2741 2742
 2743 2744 2745 2746 2747 2748 2749 2750 2751 2752
 2753 2754 2755 2756 2757 2758 2759 2760 2761 2762
 2763 2764 2765 2766 2767 2768 2769 2770 2771 2772
 2773 2774 2775 2776 2777 2778 2779 2780 2781 2782
 2783 2784 2785 2786 2787 2788 2789 2790 2791 2792
 2793 2794 2795 2796 2797 2798 2799 2800 2801 2802
 2803 2804 2805 2806 2807 2808 2809 2810 2811 2812
 2813 2814 2815 2816 2817 2818 2819 2820 2821 2822
 2823 2824 2825 2826 2827 2828 2829 2830 2831 2832
 2833 2834 2835 2836 2837 2838 2839 2840 2841 2842
 2843 2844 2845 2846 2847 2848 2849 2850 2851 2852
 2853 2854 2855 2856 2857 2858 2859 2860 2861 2862
 2863 2864 2865 2866 2867 2868 2869 2870 2871 2872
 2873 2874 2875 2876 2877 2878 2879 2880 2881 2882
 2883 2884 2885 2886 2887 2888 2889 2890 2891 2892
 2893 2894 2895 2896 2897 2898 2899 2900 2901 2902
 2903 2904 2905 2906 2907 2908 2909 2910 2911 2912
 2913 2914 2915 2916 2917 2918 2919 2920 2921 2922
 2923 2924 2925 2926 2927 2928 2929 2930 2931 2932
 2933 2934 2935 2936 2937 2938 2939 2940 2941 2942
 2943 2944 2945 2946 2947 2948 2949 2950 2951 2952
 2953 2954 2955 2956 2957 2958 2959 2960 2961 2962
 2963 2964 2965 2966 2967 2968 2969 2970 2971 2972
 2973 2974 2975 2976 2977 2978 2979 2980 2981 2982
 2983 2984 2985 2986 2987 2988 2989 2990 2991 2992
 2993 2994 2995 2996 2997 2998 2999 3000 3001 3002
 3003 3004 3005 3006 3007 3008 3009 3010 3011 3012
 3013 3014 3015 3016 3017 3018 3019 3020 3021 3022
 3023 3024 3025 3026 3027 3028 3029 3030 3031 3032
 3033 3034 3035 3036 3037 3038 3039 3040 3041 3042
 3043 3044 3045 3046 3047 3048 3049 3050 3051 3052
 3053 3054 3055 3056 3057 3058 3059 3060 3061 3062
 3063 3064 3065 3066 3067 3068 3069 3070 3071 3072
 3073 3074 3075 3076 3077 3078 3079 3080 3081 3082
 3083 3084 3085 3086 3087 3088 3089 3090 3091 3092
 3093 3094 3095 3096 3097 3098 3099 3100 3101 3102
 3103 3104 3105 3106 3107 3108 3109 3110 3111 3112
 3113 3114 3115 3116 3117 3118 3119 3120 3121 3122
 3123 3124 3125 3126 3127 3128 3129 3130 3131 3132
 3133 3134 3135 3136 3137 3138 3139 3140 3141 3142
 3143 3144 3145 3146 3147 3148 3149 3150 3151 3152
 3153 3154 3155 3156 3157 3158 3159 3160 3161 3162
 3163 3164 3165 3166 3167 3168 3169 3170 3171 3172
 3173 3174 3175 3176 3177 3178 3179 3180 3181 3182
 3183 3184 3185 3186 3187 3188 3189 3190 3191 3192
 3193 3194 3195 3196 3197 3198 3199 3200 3201 3202
 3203 3204 3205 3206 3207 3208 3209 3210 3211 3212
 3213 3214 3215 3216 3217 3218 3219 3220 3221 3222
 3223 3224 3225 3226 3227 3228 3229 3230 3231 3232
 3233 3234 3235 3236 3237 3238 3239 3240 3241 3242
 3243 3244 3245 3246 3247 3248 3249 3250 3251 3252
 3253 3254 3255 3256 3257 3258 3259 3260 3261 3262
 3263 3264 3265 3266 3267 3268 3269 3270 3271 3272
 3273 3274 3275 3276 3277 3278 3279 0 1 2
 3 4 5 6 7 8 9 10 11 12
 13 14 15 16 17 18 19 20 21 22
 23 24 25 26 27 28 29 30 31 32
 33 34 35 36 37 38 39 40 41 42
 43 44 45 46 47 48 49 50 51 52
 53 54 55 56 57 58 59 60 61 62
 63 64 65 66 67 68 69 70 71 72
 73 74 75 76 77 78 79 80 81 82
 83 84 85 86 87 88 89 90 91 92
 93 94 95 96 97 98 99 100 101 102
 103 104 105 106 107 108 109 110 111 112
 113 114 115 116 117 118 119 120 121 122
 123 124 125 126 127 128 129 130 131 132
 133 134 135 136 137 138 139 140 141 142
 143 144 145 146 147 148 149 150 151 152
 153 154 155 156 157 158 159 160 161 162
 163 164 165 166 167 168 169 170 171 172
 173 174 175 176 177 178 179 180 181 182
 183 184 185 186 187 188 189 190 191 192
 193 194 195 196 197 198 199 200 201 202
 203 204 205 206 207 208 209 210 211 212
 213 214 215 216 217 218 219 220 221 222
 223 224 225 226 227 228 229 230 231 232
 233 234 235 236 237 238 239 240 241 242
 243 244 245 246 247 248 249 250 251 252
 253 254 255 256 257 258 259 260 261 262
 263 264 265 266 267 268 269 270 271 272
 273 274 275 276 277 278 279 280 281 282
 283 284 285 286 287 288 289 290 291 292
 293 294 295 296 297 298 299 300 301 302
 303 304 305 306 307 308 309 310 311 312
 313 314 315 316 317 318 319 320 321 322
 323 324 325 326 327 328 329 330 331 332
 333 334 335 336 337 338 339 340 341 342
 343 344 345 346 347 348 349 350 351 352
 353 354 355 356 357 358 359 360 361 362
 363 364 365 366 367 368 369 370 371 372
 373 374 375 376 377 378 379 380 381 382
 383 384 385 386 387 388 389 390 391 392
 393 394 395 396 397 398 399 400 401 402
 403 404 405 406 407 408 409 410 411 412
 413 414 415 416 417 418 419 420 421 422
 423 424 425 426 427 428 429 430 431 432
 433 434 435 436 437 438 439 440 441 442
 443 444 445 446 447 448 449 450 451 452
 453 454 455 456 457 458 459 460 461 462
 463 464 465 466 467 468 469 470 471 472
 473 474 475 476 477 478 479 480 481 482
 483 484 485 486 487 488 489 490 491 492
 493 494 495 496 497 498 499 500 501 502
 503 504 505 506 507 508 509 510 511 512
 513 514 515 516 517 518 519 520 521 522
 523 524 525 526 527 528 529 530 531 532
 533 534 535 536 537 538 539 540 541 542
 543 544 545 546 547 548 549 550 551 552
 553 554 555 556 557 558 559 560 561 562
 563 564 565 566 567 568 569 570 571 572
 573 574 575 576 577 578 579 580 581 582
 583 584 585 586 587 588 589 590 591 592
 593 594 595 596 597 598 599 600 601 602
 603 604 605 606 607 608 609 610 611 612
 613 614 615 616 617 618 619 620 621 622
 623 624 625 626 627 628 629 630 631 632
 633 634 635 636 637 638 639 640 641 642
 643 644 645 646 647 648 649 650 651 652
 653 654 655 656 657 658 659 660 661 662
 663 664 665 666 667 668 669 670 671 672
 673 674 675 676 677 678 679 680 681 682
 683 684 685 686 687 688 689 690 691 692
 693 694 695 696 697 698 699 700 701 702
 703 704 705 706 707 708 709 710 711 712
 713 714 715 716 717 718 719 720 721 722
 723 724 725 726 727 728 729 730 731 732
 733 734 735 736 737 738 739 740 741 742
 743 744 745 746 747 748 749 750 751 752
 753 754 755 756 757 758 759 760 761 762
 763 764 765 766 767 768 769 770 771 772
 773 774 775 776 777 778 779 780 781 782
 783 784 785 786 787 788 789 790 791 792
 793 794 795 796 797 798 799 800 801 802
 803 804 805 806 807 808 809 810 811 812
 813 814 815 816 817 818 819 820 821 822
 823 824 825 826 827 828 829 830 831 832
 833 834 835 836 837 838 839 840 841 842
 843 844 845 846 847 848 849 850 851 852
 853 854 855 856 857 858 859 860 861 862
 863 864 865 866 867 868 869 870 871 872
 873 874 875 876 877 878 879 880 881 882
 883 884 885 886 887 888 889 890 891 892
 893 894 895 896 897 898 899 900 901 902
 903 904 905 906 907 908 909 910 911 912
 913 914 915 916 917 918 919 920 921 922
 923 924 925 926 927 928 929 930 931 932
 933 934 935 936 937 938 939 940 941 942
 943 944 945 946 947 948 949 950 951 952
 953 954 955 956 957 958 959 960 961 962
 963 964 965 966 967 968 969 970 971 972
 973 974 975 976 977 978 979 980 981 982
 983 984 985 986 987 988 989 990 991 992
 993 994 995 996 997 998 999 1000 1001 1002
 1003 1004 1005 1006 1007 1008 1009 1010 1011 1012
 1013 1014 1015 1016 1017 1018 1019 1020 1021 1022
 1023 1024 1025 1026 1027 1028 1029 1030 1031 1032
 1033 1034 1035 1036 1037 1038 1039 1040 1041 1042
 1043 1044 1045 1046 1047 1048 1049 1050 1051 1052
 1053 1054 1055 1056 1057 1058 1059 1060 1061 1062
 1063 1064 1065 1066 1067 1068 1069 1070 1071 1072
 1073 1074 1075 1076 1077 1078 1079 1080 1081 1082
 1083 1084 1085 1086 1087 1088 1089 1090 1091 1092
 1093 1094 1095 1096 1097 1098 1099 1100 1101 1102
 1103 1104 1105 1106 1107 1108 1109 1110 1111 1112
 1113 1114 1115 1116 1117 1118 1119 1120 1121 1122
 1123 1124 1125 1126 1127 1128 1129 1130 1131 1132
 1133 1134 1135 1136 1137 1138 1139 1140 1141 1142
 1143 1144 1145 1146 1147 1148 1149 1150 1151 1152
 1153 1154 1155 1156 1157 1158 1159 1160 1161 1162
 1163 1164 1165 1166 1167 1168 1169 1170 1171 1172
 1173 1174 1175 1176 1177 1178 1179 1180 1181 1182
 1183 1184 1185 1186 1187 1188 1189 1190 1191 1192
 1193 1194 1195 1196 1197 1198 1199 1200 1201 1202
 1203 1204 1205 1206 1207 1208 1209 1210 1211 1212
 1213 1214 1215 1216 1217 1218 1219 1220 1221 1222
 1223 1224 1225 1226 1227 1228 1229 1230 1231 1232
 1233 1234 1235 1236 1237 1238 1239 1240 1241 1242
 1243 1244 1245 1246 1247 1248 1249 1250 1251 1252
 1253 1254 1255 1256 1257 1258 1259 1260 1261 1262
 1263 1264 1265 1266 1267 1268 1269 1270 1271 1272
 1273 1274 1275 1276 1277 1278 1279 1280 1281 1282
 1283 1284 1285 1286 1287 1288 1289 1290 1291 1292
 1293 1294 1295 1296 1297 1298 1299 1300 1301 1302
 1303 1304 1305 1306 1307 1308 1309 1310 1311 1312
 1313 1314 1315 1316 1317 1318 1319 1320 1321 1322
 1323 1324 1325 1326 1327 1328 1329 1330 1331 1332
 1333 1334 1335 1336 1337 1338 1339 1340 1341 1342
 1343 1344 1345 1346 1347 1348 1349 1350 1351 1352
 1353 1354 1355 1356 1357 1358 1359 1360 1361 1362
 1363 1364 1365 1366 1367 1368 1369 1370 1371 1372
 1373 1374 1375 1376 1377 1378 1379 1380 1381 1382
 1383 1384 1385 1386 1387 1388 1389 1390 1391 1392
 1393 1394 1395 1396 1397 1398 1399 1400 1401 1402
 1403 1404 1405 1406 1407 1408 1409 1410 1411 1412
 1413 1414 1415 1416 1417 1418 1419 1420 1421 1422
 1423 1424 1425 1426 1427 1428 1429 1430 1431 1432
 1433 1434 1435 1436 1437 1438 1439 1440 1441 1442
 1443 1444 1445 1446 1447 1448 1449 1450 1451 1452
 1453 1454 1455 1456 1457 1458 1459 1460 1461 1462
 1463 1464 1465 1466 1467 1468 1469 1470 1471 1472
 1473 1474 1475 1476 1477 1478 1479 1480 1481 1482
 1483 1484 1485 1486 1487 1488 1489 1490 1491 1492
 1493 1494 1495 1496 1497 1498 1499 1500 1501 1502
 1503 1504 1505 1506 1507 1508 1509 1510 1511 1512
 1513 1514 1515 1516 1517 1518 1519 1520 1521 1522
 1523 1524 1525 1526 1527 1528 1529 1530 1531 1532
 1533 1534 1535 1536 1537 1538 1539 1540 1541 1542
 1543 1544 1545 1546 1547 1548 1549 1550 1551 1552
 1553 1554 1555 1556 1557 1558 1559 1560 1561 1562
 1563 1564 1565 1566 1567 1568 1569 1570 1571 1572
 1573 1574 1575 1576 1577 1578 1579 1580 1581 1582
 1583 1584 1585 1586 1587 1588 1589 1590 1591 1592
 1593 1594 1595 1596 1597 1598 1599 1600 1601 1602
 1603 1604 1605 1606 1607 1608 1609 1610 1611 1612
 1613 1614 1615 1616 1617 1618 1619 1620 1621 1622
 1623 1624 1625 1626 1627 1628 1629 1630 1631 1632
 1633 1634 1635 1636 1637 1638 1639 1640 1641 1642
 1643 1644 1645 1646 1647 1648 1649 1650 1651 1652
 1653 1654 1655 1656 1657 1658 1659 1660 1661 1662
 1663 1664 1665 1666 1667 1668 1669 1670 1671 1672
 1673 1674 1675 1676 1677 1678 1679 1680 1681 1682
 1683 1684 1685 1686 1687 1688 1689 1690 1691 1692
 1693 1694 1695 1696 1697 1698 1699 1700 1701 1702
 1703 1704 1705 1706 1707 1708 1709 1710 1711 1712
 1713 1714 1715 1716 1717 1718 1719 1720 1721 1722
 1723 1724 1725 1726 1727 1728 1729 1730 1731 1732
 1733 1734 1735 1736 1737 1738 1739 1740 1741 1742
 1743 1744 1745 1746 1747 1748 1749 1750 1751 1752
 1753 1754 1755 1756 1757 1758 1759 1760 1761 1762
 1763 1764 1765 1766 1767 1768 1769 1770 1771 1772
 1773 1774 1775 1776 1777 1778 1779 1780 1781 1782
 1783 1784 1785 1786 1787 1788 1789 1790 1791 1792
 1793 1794 1795 1796 1797 1798 1799 1800 1801 1802
 1803 1804 1805 1806 1807 1808 1809 1810 1811 1812
 1813 1814 1815 1816 1817 1818 1819 1820 1821 1822
 1823 1824 1825 1826 1827 1828 1829 1830 1831 1832
 1833 1834 1835 1836 1837 1838 1839 1840 1841 1842
 1843 1844 1845 1846 1847 1848 1849 1850 1851 1852
 1853 1854 1855 1856 1857 1858 1859 1860 1861 1862
 1863 1864 1865 1866 1867 1868 1869 1870 1871 1872
 1873 1874 1875 1876 1877 1878 1879 1880 1881 1882
 1883 1884 1885 1886 1887 1888 1889 1890 1891 1892
 1893 1894 1895 1896 1897 1898 1899 1900 1901 1902
 1903 1904 1905 1906 1907 1908 1909 1910 1911 1912
 1913 1914 1915 1916 1917 1918 1919 1920 1921 1922
 1923 1924 1925 1926 1927 1928 1929 1930 1931 1932
 1933 1934 1935 1936 1937 1938 1939 1940 1941 1942
 1943 1944 1945 1946 1947 1948 1949 1950 1951 1952
 1953 1954 1955 1956 1957 1958 1959 1960 1961 1962
 1963 1964 1965 1966 1967 1968 1969 1970 1971 1972
 1973 1974 1975 1976 1977 1978 1979 1980 1981 1982
 1983 1984 1985 1986 1987 1988 1989 1990 1991 1992
 1993 1994 1995 1996 1997 1998 1999 2000 2001 2002
 2003 2004 2005 2006 2007 2008 2009 2010 2011 2012
 2013 2014 2015 2016 2017 2018 2019 2020 2021 2022
 2023 2024 2025 2026 2027 2028 2029 2030 2031 2032
 2033 2034 2035 2036 2037 2038 2039 2040 2041 2042
 2043 2044 2045 2046 2047 2048 2049 2050 2051 2052
 2053 2054 2055 2056 2057 2058 2059 2060 2061 2062
 2063 2064 2065 2066 2067 2068 2069 2070 2071 2072
 2073 2074 2075 2076 2077 2078 2079 2080 2081 2082
 2083 2084 2085 2086 2087 2088 2089 2090 2091 2092
 2093 2094 2095 2096 2097 2098 2099 2100 2101 2102
 2103 2104 2105 2106 2107 2108 2109 2110 2111 2112
 2113 2114 2115 2116 2117 2118 2119 2120 2121 2122
 2123 2124 2125 2126 2127 2128 2129 2130 2131 2132
 2133 2134 2135 2136 2137 2138 2139 2140 2141 2142
 2143 2144 2145 2146 2147 2148 2149 2150 2151 2152
 2153 2154 2155 2156 2157 2158 2159 2160 2161 2162
 2163 2164 2165 2166 2167 2168 2169 2170 2171 2172
 2173 2174 2175 2176 2177 2178 2179 2180 2181 2182
 2183 2184 2185 2186 2187 2188 2189 2190 2191 2192
 2193 2194 2195 2196 2197 2198 2199 2200 2201 2202
 2203 2204 2205 2206 2207 2208 2209 2210 2211 2212
 2213 2214 2215 2216 2217 2218 2219 2220 2221 2222
 2223 2224 2225 2226 2227 2228 2229 2230 2231 2232
 2233 2234 2235 2236 2237 2238 2239 2240 2241 2242
 2243 2244 2245 2246 2247 2248 2249 2250 2251 2252
 2253 2254 2255 2256 2257 2258 2259 2260 2261 2262
 2263 2264 2265 2266 2267 2268 2269 2270 2271 2272
 2273 2274 2275 2276 2277 2278 2279 2280 2281 2282
 2283 2284 2285 2286 2287 2288 2289 2290 2291 2292
 2293 2294 2295 2296 2297 2298 2299 2300 2301 2302
 2303 2304 2305 2306 2307 2308 2309 2310 2311 2312
 2313 2314 2315 2316 2317 2318 2319 2320 2321 2322
 2323 2324 2325 2326 2327 2328 2329 2330 2331 2332
 2333 2334 2335 2336 2337 2338 2339 2340 2341 2342
 2343 2344 2345 2346 2347 2348 2349 2350 2351 2352
 2353 2354 2355 2356 2357 2358 2359 2360 2361 2362
 2363 2364 2365 2366 2367 2368 2369 2370 2371 2372
 2373 2374 2375 2376 2377 2378 2379 2380 2381 2382
 2383 2384 2385 2386 2387 2388 2389 2390 2391 2392
 2393 2394 2395 2396 2397 2398 2399 2400 2401 2402
 2403 2404 2405 2406 2407 2408 2409 2410 2411 2412
 2413 2414 2415 2416 2417 2418 2419 2420 2421 2422
 2423 2424 2425 2426 2427 2428 2429 2430 2431 2432
 2433 2434 2435 2436 2437 2438 2439 2440 2441 2442
 2443 2444 2445 2446 2447 2448 2449 2450 2451 2452
 2453 2454 2455 2456 2457 2458 2459 2460 2461 2462
 2463 2464 2465 2466 2467 2468 2469 2470 2471 2472
 2473 2474 2475 2476 2477 2478 2479 2480 2481 2482
 2483 2484 2485 2486 2487 2488 2489 2490 2491 2492
 2493 2494 2495 2496 2497 2498 2499 2500 2501 2502
 2503 2504 2505 2506 2507 2508 2509 2510 2511 2512
 2513 2514 2515 2516 2517 2518 2519 2520 2521 2522
 2523 2524 2525 2526 2527 2528 2529 2530 2531 2532
 2533 2534 2535 2536 2537 2538 2539 2540 2541 2542
 2543 2544 2545 2546 2547 2548 2549 2550 2551 2552
 2553 2554 2555 2556 2557 2558 2559 2560 2561 2562
 2563 2564 2565 2566 2567 2568 2569 2570 2571 2572
 2573 2574 2575 2576 2577 2578 2579 2580 2581 2582
 2583 2584 2585 2586 2587 2588 2589 2590 2591 2592
 2593 2594 2595 2596 2597 2598 2599 2600 2601 2602
 2603 2604 2605 2606 2607 2608 2609 2610 2611 2612
 2613 2614 2615 2616 2617 2618 2619 2620 2621 2622
 2623 2624 2625 2626 2627 2628 2629 2630 2631 2632
 2633 2634 2635 2636 2637 2638 2639 2640 2641 2642
 2643 2644 2645 2646 2647 2648 2649 2650 2651 2652
 2653 2654 2655 2656 2657 2658 2659 2660 2661 2662
 2663 2664 2665 2666 2667 2668 2669 2670 2671 2672
 2673 2674 2675 2676 2677 2678 2679 2680 2681 2682
 2683 2684 2685 2686 2687 2688 2689 2690 2691 2692
 2693 2694 2695 2696 2697 2698 2699 2700 2701 2702
 2703 2704 2705 2706 2707 2708 2709 2710 2711 2712
 2713 2714 2715 2716 2717 2718 2719 2720 2721 2722
 2723 2724 2725 2726 2727 2728 2729 2730 2731 2732
 2733 2734 2735 2736 2737 2738 2739 2740 2741 2742
 2743 2744 2745 2746 2747 2748 2749 2750 2751 2752
 2753 2754 2755 2756 2757 2758 2759 2760 2761 2762
 2763 2764 2765 2766 2767 2768 2769 2770 2771 2772
 2773 2774 2775 2776 2777 2778 2779 2780 2781 2782
 2783 2784 2785 2786 2787 2788 2789 2790 2791 2792
 2793 2794 2795 2796 2797 2798 2799 2800 2801 2802
 2803 2804 2805 2806 2807 2808 2809 2810 2811 2812
 2813 2814 2815 2816 2817 2818 2819 2820 2821 2822
 2823 2824 2825 2826 2827 2828 2829 2830 2831 2832
 2833 2834 2835 2836 2837 2838 2839 2840 2841 2842
 2843 2844 2845 2846 2847 2848 2849 2850 2851 2852
 2853 2854 2855 2856 2857 2858 2859 2860 2861 2862
 2863 2864 2865 2866 2867 2868 2869 2870 2871 2872
 2873 2874 2875 2876 2877 2878 2879 2880 2881 2882
 2883 2884 2885 2886 2887 2888 2889 2890 2891 2892
 2893 2894 2895 2896 2897 2898 2899 2900 2901 2902
 2903 2904 2905 2906 2907 2908 2909 2910 2911 2912
 2913 2914 2915 2916 2917 2918 2919 2920 2921 2922
 2923 2924 2925 2926 2927 2928 2929 2930 2931 2932
 2933 2934 2935 2936 2937 2938 2939 2940 2941 2942
 2943 2944 2945 2946 2947 2948 2949 2950 2951 2952
 2953 2954 2955 2956 2957 2958 2959 2960 2961 2962
 2963 2964 2965 2966 2967 2968 2969 2970 2971 2972
 2973 2974 2975 2976 2977 2978 2979 2980 2981 2982
 2983 2984 2985 2986 2987 2988 2989 2990 2991 2992
 2993 2994 2995 2996 2997 2998 2999 3000 3001 3002
 3003 3004 3005 3006 3007 3008 3009 3010 3011 3012
 3013 3014 3015 3016 3017 3018 3019 3020 3021 3022
 3023 3024 3025 3026 3027 3028 3029 3030 3031 3032
 3033 3034 3035 3036 3037 3038 3039 3040 3041 3042
 3043 3044 3045 3046 3047 3048 3049 3050 3051 3052
 3053 3054 3055 3056 3057 3058 3059 3060 3061 3062
 3063 3064 3065 3066 3067 3068 3069 3070 3071 3072
 3073 3074 3075 3076 3077 3078 3079 3080 3081 3082
 3083 3084 3085 3086 3087 3088 3089 3090 3091 3092
 3093 3094 3095 3096 3097 3098 3099 3100 3101 3102
 3103 3104 3105 3106 3107 3108 3109 3110 3111 3112
 3113 3114 3115 3116 3117 3118 3119 3120 3121 3122
 3123 3124 3125 3126 3127 3128 3129 3130 3131 3132
 3133 3134 3135 3136 3137 3138 3139 3140 3141 3142
 3143 3144 3145 3146 3147 3148 3149 3150 3151 3152
 3153 3154 3155 3156 3157 3158 3159 3160 3161 3162
 3163 3164 3165 3166 3167 3168 3169 3170 3171 3172
 3173 3174 3175 3176 3177 3178 3179 3180 3181 3182
 3183 3184 3185 3186 3187 3188 3189 3190 3191 3192
 3193 3194 3195 3196 3197 3198 3199 3200 3201 3202
 3203 3204 3205 3206 3207 3208 3209 3210 3211 3212
 3213 3214 3215 3216 3217 3218 3219 3220 3221 3222
 3223 3224 3225 3226 3227 3228 3229 3230 3231 3232
 3233 3234 3235 3236 3237 3238 3239 3240 3241 3242
 3243 3244 3245 3246 3247 3248 3249 3250 3251 3252
 3253 3254 3255 3256 3257 3258 3259 3260 3261 3262
 3263 3264 3265 3266 3267 3268 3269 3270 3271 3272
 3273 3274 3275 3276 3277 3278 3279
)
